    

     

          
     
    

     

  

¹ V thesis

112

 

111 thesis IV thesis
’2 1 ! 2 ’

a) in cc. bucol.

⁴ ’ ἪΙΙ thesis

 

Summa

 

 

 

   

    

 

 

 

3 — — — —- — 5 — 3 11 1
2 - - — - — 2 - 1 0

- - - - 1 - — 1 - 3 Ι 60
- - - 1 - — — - - 1 Ι

5 — - 1 — - 14 3 2 28

- - - - 1 - 8 - - 11 J

12 - 1 ’ 12 40 1 421 4 12 124

1 — — — 3 - 0 .1 - 11

8 1· 1 3 3 - 10 3 5 39 178
— - - 2 —- — 2 — — 4

 

 

 

 

 

 

 

 

 

12 31 1 2 19 48 1 89 1
‘³‘ Versum intercalarem 1 64 semel tantum numeravi.

(ff (7 2), 73(1111),79(72); 5) 11 3 (7 2),9(172),10 (17 2), 11 (17 2),14 (1112), 18 (17 2),
, 34 (111 2), 40 (17 2), 41 (17 2), 44 (17 2 et 7 2), 49 (111 1 et v 2), 50 (111 2),
’ζ - 55 (1 1), 72 (111 1), 77 (111 2), 90 (111 2), 101 (17 1), 102 (111 2), 113 (1112),
ῑ ·· 127 (111 2), 132 (1 2), 141 (111 2), 143 (111 2), 149 (111 2), 150 (7 2), 152 (111 2),
159 (17 2); 1117 12 (111 1), 18 (7 1), 45 (7 1), 00 (111 1), 09 (111 1); xv 12 (17 2),
25 (111 1), 27 (111 2), 57 (7 2), 04 (111 2), 08 (1 1), 72 (17 2), 73 (17 2), 70 (1 2),
’1 ἒ 77 (111 1), 79 (1 1), 82 (111 2), 88 (7 1), 89 (7 2), 91 (17 2), 92 (1 1), 99 (7 2),
100 (111 2), 104 (IV 2), 111 (V 1), 112 (111 1), 118 (111 2), 120 (7 1), 132 (7 2),
135 (111 1), 130 (111 2), 142 (111 2), 143 (1112), 141(111 2), 149 (111 2)· 11711170111),
14 (17 1 et v 1), 28 (1 2), 31 (1 2), 32 (17 2), 35 (17 2), 30 (111 2), 39 (111 2),
40 (17 2), 41 (17 2), 43 (17 2), 47 (17 2); 0) xm 3 (v 2), 5 (1 2), 9 (111 1),
37 (111 2), 42 (111 2), 44 (1 1 et 1v 2). 47 (1 1 et v 1), 75 (111 2), xvl 3 (11 2 et
{i 17 2), 0 (7 2), 9 (111 1),10(7 2), 18 (111 1), 20 (111 1), 21 (7 2), 24 (7 1), 25 (7 2),
. 27 (17 2) 20 (111 1), 30 (1 2), 31 (111 1), 42 (111 2), 40 (1112), 51 (111 2), 58 (17 2),
ἕξ 00 (111 2), 07 (111 2), 73 (1 2), 81 (1 2), 99 (17 1), 101 (7 2), 103 (111 2), 104 (17 2),
-,; v105 (111 1), xvn 1 (111 2), 8 (111 2), 10 (7 2), 25 (111 1), 27 (111 1), 28 (1 1),
33 (1 2),,77-(12 et 111 2), 85 ’(17 2), 88 (111 2), 91 (7 2), 90 (7 2), 105 (7 2),
113 (7 1), 115 (111 1), 118 (1 2), 120 (111 1), 121 (111 2), 122 (7 2), 131 (12)
,ῃ133 (7 2), 135 (7 2), 1-30 (1 2), 137 (1 2); xxu 1 (111 2), 8 (111 2), 11 (1 2)
5⁴ 110 (111 2), 17 (111 2), 24 (111 1), 32 (17 1), 41 (111 2), 51 (111 2), 03 (1 2), 07 (111 1),
71 (17 2), 109 (1112), 117 (1201 111 2), 124 (17 1), 129 (111 1), 140 (17 1), 150 (1 2 01
.. 111 2), 153 (111 2), 158 (11 2), 100 (1 2), 104 (11 1), 109 (111 1), 173 (11 1), 193 (111 2),
„⁴302 (111 2), 213 (111 2), 214 (111 2), 215 (111 2), 221 (11 1), 222 (111 2), xx1v 3 (111 2),
7 (17 1), 9 (11-1 2), 24 (111 1), 34 (17 1), 07 (111 1 et 7 1), 09 (111 2), 75 (7 2),
(1 1), 81 (111 2), 84 (17 2), 87 (111 1), 1-01 (1 1), 107 (111 1 et 71),109 (111 2),
113 (111 1),120 (7 1), 128 (111 2), 130 (111 2),·137 (111 2); xxv 3 (17 2),
8 (111 1), 9 (111 1), 11.· (7 2), 19 (1 2), 24 (17 1), 28 (111 1), 30 (111 1), 35 (1 2),
⁴337 (1 2), 39 (1 2 ee v 2), 44 (111 2), 58 (17 2), 59 (7 2), 07 (7 2), 79 (17 2), 81 (7 2),

N>
Ν
0:
k»
υ,
ω

 

   
   
   
    
    

